y
-147.52847524585408
-66.26699842097338
-200.0620934490772
226.04495966238997
51.329285121596506
-100.6243790910365
-12.125254175403438
27.252959486410266
-62.45415850499757
-117.21361810228841
-10.669527756821779
9.542993315172694
-36.91657516517449
68.25464264645014
11.652051140581504
-9.450807087855303
26.494476021761002
107.72636028198514
177.22657860242018
23.095250683162032
-31.079395069842587
22.18885993074474
-52.49510091744565
-147.0075247400006
69.54778412345573
110.11669484502193
155.2913695291955
11.83471590539584
34.64817770496415
-91.99487928926006
131.38189528317037
64.28086732541873
-19.225300964372767
119.826630170504
167.4786747688616
-89.54694985249199
-151.11583544284497
10.872224612511474
-40.56163794301905
26.888925812599307
37.15125434794424
5.966293804625804
24.338601402174444
137.6704554505538
-48.84843253698357
29.569449475510527
50.201945590438555
-45.78228032621584
-14.550377185760283
115.19210780881087
156.33380647187676
114.21017455280186
47.40930451161428
-68.75932821077524
-177.35485766199054
17.802383882376855
10.92192905688643
-50.353027219486926
-71.7196004068355
-20.895449053615412
-9.125204140287252
44.56035649498853
-75.21103939204946
38.074617930139496
-77.13628039687539
69.51745433351925
135.44611279259115
104.21233446636303
-53.98124051763255
-121.65298483661248
-160.2723326874071
55.784342408326864
-120.11866700468929
-152.93519593110298
44.27512003516265
96.38256747267339
17.857466652407837
-5.572211101382204
149.6645333378289
46.4136900706787
-56.020328680952666
-88.76024717138309
-110.2304449307407
65.54743509358318
-76.12551849256079
-15.662960130459393
-91.61409229440132
-42.27008919858167
16.651039379699327
42.892274996177804
-136.043720879805
51.900298196017104
-65.69357177322485
-2.7657215991587547
84.87904917809067
74.03296538744554
-58.859367646686195
-5.35167253301957
24.499948006146262
5.116888331940604
107.73419740745403
-112.47210033012936
22.47826105691994
-190.99341492072412
49.35737917474772
-11.696633423578984
130.39638617890503
-49.48106956028232
7.994839290047242
-74.40659614233688
88.71307381981798
-15.57284922135878
100.31768715850605
-73.67198839816609
-77.44862125499432
-101.40155126397045
48.33259011514209
-20.25080021358813
-149.20900181199406
48.185367465060295
8.18811476526771
27.850993788848566
-9.362863652144803
74.37733466426258
-25.20333613589871
-78.61096625810674
-3.5200240598329815
4.481612662331608
0.6612988647390732
-5.80321182041238
21.67066443315176
-68.8506615525383
-39.092941742695174
-59.542776009205
-27.715993772055654
5.338193556705991
-45.51261490546502
13.789027193112005
-45.37862189379138
83.93759490869093
46.647662092041436
-45.62674720116935
200.8227881206344
-69.28438715695674
-70.67115095014546
-71.41308173463261
22.960001559022235
114.51062460710081
-11.452768840384998
59.536365014292144
24.135320151747244
114.48523478553616
-77.07701890270162
-138.8759419781443
13.151962965562781
-29.57316102485048
-29.249101236840144
-113.66509655151857
23.635715740883903
-19.467495677187063
-8.18706338234648
-61.941389597885085
111.07886131921359
15.435053941869722
92.6417275571804
-18.779807272651073
103.12449263568146
-7.093700786666866
-163.92827773262943
-31.113284105257794
-24.645542940171183
-50.61701590841727
-5.5247131509374166
94.035322581029
81.30173126960057
13.982613724738066
34.94389720948076
81.21735321100024
-46.56467623843402
-193.06547741661205
51.795877400833675
99.80084841343918
-102.95114174634274
-92.54906196114594
-29.443843715096815
-149.13346928925426
135.9978989342752
-31.076047704250396
230.20688494147234
245.90653646038257
72.0396892241585
46.168749521653915
56.96130686447027
132.45565970694744
-26.440598827112858
-81.82192349326758
59.31833151020586
87.06724643391905
22.65791748454429
-156.0433791219025
55.713677981897824
47.71190681817451
-27.479387692004288
-41.40652206738344
-32.29690977327018
-120.83723455098033
0.9135211027838972
-66.30134925566392
7.42929628181475
-167.16234531984102
-98.68229901348187
36.230264671807255
80.89181968007816
80.10676478894686
112.84173386437031
-58.737544991875595
-23.961197244973064
46.680191119109395
-43.67206951697606
-23.927023878515136
34.727963005147146
-160.14427309727594
-23.867357889396676
0.9582744115599757
22.09201988673283
34.730554638290116
-95.81249232326816
96.13286142091806
136.8570035337751
-11.41219200445759
-27.452640877341654
6.088654750734852
-148.24471040189985
148.79785686462867
-65.24532825088853
29.830986471599314
56.71872874715868
-5.3226457849739015
4.458018577048485
-35.2079485365178
-85.61046001943241
-36.419814328124126
88.89985819967707
92.67399853267962
-8.389250062298082
-130.84935544468854
47.83746621753111
154.3008704912151
54.27482713149259
1.2339912200359135
-21.083245386085242
26.89908021825673
51.59842443997946
-52.26401906227105
33.63358473362337
85.99581289148502
-69.9473460818539
-60.568013075363176
-112.78393343578632
-138.75785406648197
5.974913875757492
-74.25619638542071
-159.8072826314785
-79.80715071043468
-112.89451768536867
60.811614021495
8.41481626158977
41.579665099648906
-74.68793211113972
-9.903764061241578
-75.14807110126272
6.173927658988945
-123.08636896735824
-2.2836737130295646
-106.67067205735484
-12.845459732540718
124.98679837117201
-37.891696560746944
125.78354500519029
-43.2741958913883
-112.84386886275945
58.75729124784881
-92.02688079551007
-37.31379987684527
104.85756750138329
112.96961288597717
109.92045865729321
86.79993358446767
18.143116405563823
-92.56074142244718
8.113938435345815
37.391550217887
89.76193742418548
46.792133109396254
-18.296996043807614
175.310826978357
-107.29436702677775
123.34371574904935
37.067746319630196
-43.568868369394814
-105.50755913998857
-3.903321654508355
4.2289790243929675
135.12549634233233
-3.503135286299833
101.17785843020825
-121.9685024214543
79.18620121855349
-76.49826684646897
67.4606880415096
-20.46493090780596
51.29554952462716
-49.800011368943025
-62.435753173151944
45.46914625010143
34.568326023687604
-21.441802345328867
59.629478974018
58.99984746026027
125.39887040940208
26.896946214119836
48.51979519881169
27.383482517265836
97.65102473969735
-98.77875696855251
-100.1092746854564
-0.1820603669585057
-96.64038099433438
-50.31264830078745
37.92969145779772
24.273113858310314
36.49799541102079
-66.1605609171871
87.11983654182076
-6.567057673947089
9.36936901298393
-163.6973012748851
58.05324466031299
124.10551772574928
157.48795081558637
-48.38624362502193
24.698175964468124
55.81357784165462
-168.0532715975379
118.468746012594
-41.20523919748206
-13.004830584692339
-78.73138512422628
-48.0452929218249
142.47802196346578
-30.154529223330403
-105.64609105450867
-163.80455305158605
-39.91502678557653
6.29668206544238
61.76546112595628
49.451098512505375
33.995993777764106
129.71577863223806
46.45262610476962
10.67147810011041
-68.93950393164785
1.786526720979905
-103.27490343622462
-47.72255050560199
65.59145321484901
-89.66919316912217
-138.6012120021529
20.070138570412983
-163.2156164608995
-55.697475406641274
38.02173205145389
-21.788630627365702
23.56577390136513
32.557616932964194
-37.89567955845069
-29.989290472873893
-79.99243463644116
-15.360726757290855
12.962808662741264
-89.94470304976586
88.72246740729652
-49.938609243737076
-37.19859393275032
-156.62759876166686
87.71399864298716
31.72628541294502
66.2038182309556
51.78560164423935
-29.562146996157704
-125.1190020049953
-47.8721459959154
-20.86807520509145
13.20283128054212
-66.61235292216553
-41.68593645228601
58.006953662581644
65.68289028732912
38.20238294492496
-207.34685402598183
28.45067816841046
88.13162852664435
-48.7800326196037
32.94949871397315
138.89035475610552
-83.54579588833528
30.487600382393875
-70.99301829635701
14.459767756347972
-44.28501032503869
67.82927207774782
23.71634250110494
-76.18340325920806
-172.6201892455989
63.282594116757544
-77.00068358596828
-11.983111510015185
25.08447608593981
48.284792599310904
-33.87006125388685
77.83113017210725
-58.46851278433488
-106.88032845827705
-91.23246707136772
-46.516871263786
18.4926126809479
-57.269987936942734
43.58935805598565
30.05373786590579
-154.44597434072097
-70.67757622143834
138.61877989156832
166.82038858202424
-37.981855811152734
-54.42561407132281
-18.27047682265818
163.86737889874667
27.8115746873033
-55.36326290391419
-141.08815294035853
152.99960129065354
-33.309690748572876
105.54204559580268
61.08609974510093
-34.88459717994215
76.1229578878207
-43.67954074497682
105.53223995055296
-61.26243891429511
96.18088429028532
169.77345296010873
-21.88033023326395
173.23327024923796
-54.3692966621205
-42.144611667940865
2.1703328090825194
-38.431561156714174
131.5399829319238
-83.73227294964782
-83.37483809818455
25.613234207100806
61.6018109381524
5.209325511798539
3.01762210684723
-94.60788648251176
-90.02088401144843
161.49455677235994
-88.01900492602739
-23.65493996834545
-44.278867654360845
-178.104678964157
43.18982237868341
11.69210917446895
-93.87661659420438
32.03305668861124
-79.08266944702757
28.782142448501418
-23.315377460026593
1.5567434258534738
34.261607218949564
-36.12952491213982
55.906552991618874
9.559101158701313
-75.75515774074735
-80.18815602938456
158.56616054675587
51.51134307362883
-100.11379067463288
28.899640560390473
1.3942960245656804
111.12016642382605
-120.23852657922947
51.130849082241554
-6.56243187092091
61.75343145767613
22.591283657149333
-134.19062354496268
-10.179635206443425
116.47879799572573
-115.74371855036388
155.85406918167445
8.290457383894196
-57.997697612785686
-44.856845188807384
-48.87813135132554
168.87026034410906
3.477074725516178
-113.8181434129106
13.975159057500552
-57.52605138494821
70.5819957207493
-13.836055045570781
27.613453694032575
-71.52279286016953
59.803839390511634
-11.944447864657658
136.05703905232394
92.70638447912464
138.36861966695218
-86.17619556447634
36.99190634427436
-23.456216025362522
34.99908672009898
94.25725522366186
-51.52462938013999
-16.930783416445628
-56.55697545420697
60.28434417961725
39.63280570610289
15.966416281075386
50.770429547781426
41.61304613475978
-146.92006690224792
92.50974215134707
-3.942793804028007
138.0500200866415
14.746401676147936
-123.29828845551616
61.91597676056501
94.85889771346284
21.966959386476837
-20.42243147789282
-158.96088224664496
35.369458512488855
118.6243529894782
84.65533934105046
106.33960747991861
19.935317697724393
-0.06291130664271671
-11.214401403493195
242.08953330306556
-46.83273970352816
-110.97259983495763
-180.05585190090008
96.01662683931171
-97.7924565750309
52.74123665617129
134.0294825190805
-5.274185239975572
-2.5093879333711264
301.7713559744873
99.52306560390089
70.51956558244102
-145.81318458822753
-36.596751873912176
-34.4394792041761
-72.59856553096733
64.25066734892505
126.0489704357062
-150.66249900537085
-7.379546320922018
42.8510269097891
66.78696796002322
-104.20345414542685
36.845658916080026
-120.00127896125905
99.57643282664189
-31.321246675300113
84.65719712586387
-44.83056758346318
-40.00604304588817
134.94258331249847
-93.92900876243736
7.7578795403018574
39.2382732697328
-50.8977240796762
85.52304364292957
95.27899462541285
41.3780738599656
43.02143282673877
132.98472225892183
-78.82366675662585
66.86789887867221
76.84489812265576
40.38803933783637
-87.64155146339775
54.8215070979961
-4.096108463780615
-73.85062301664863
153.8058168259076
46.331524825065884
-150.4705431759818
117.0789328450554
-39.702101819213624
-53.51203833108296
-19.954517370503094
31.691237131757628
34.97065490845936
-118.64216316996362
-71.02523387244261
140.1075412743119
-80.32246736578563
112.5448965875986
-154.01926305094142
7.5215796402378885
20.8493240880666
-39.31191754010572
-43.54866606393828
30.777605860845366
12.93479442636374
-36.79151699274486
-178.96472350864514
94.51505883772954
-73.59359063780744
-81.08472545570335
69.35611072495846
-191.88086661886348
24.65356498459349
34.36155523233504
102.06302443719603
-13.71264369126109
83.50540923881077
72.3283767980298
-54.93326034629116
83.68060290934311
183.79225701377746
57.750724475326905
-53.9433299493485
-106.10035321216274
0.19871381390300602
27.28170581035015
69.16276585994603
111.9843715358776
24.3650207178371
-7.3435187751416615
11.736836255852687
21.90267093045605
86.50257910663245
8.450457460264989
22.206208978586417
13.7096334063568
-24.85696395843233
-93.28281380417538
8.210584814615782
-79.35208162515192
82.65382224624153
92.98562043818455
-77.96574301010405
26.76220029084547
23.814909820087518
-114.2878150430848
-31.54148755310427
110.53072057647097
-96.49322556607655
-128.58846669105964
34.04037174925185
-155.15951504386302
-49.209276814993856
17.673119234239984
15.727893609016274
-147.96980736608515
81.10019879205083
-74.60777452219605
13.985195931997097
147.79813394973382
-115.8788791979573
-26.316460121587752
-157.03983097894877
0.09952385065902725
-150.7779370276631
-60.35667919809912
74.58930527244881
-70.90815638000015
183.18324603612527
53.815038146916876
43.299470723947685
-41.0786092274545
17.950263538480964
69.60998423881479
19.461216867815416
-12.628829523064347
163.95984381460596
10.571302078470644
65.39729943816997
2.4587888132342055
-82.47558167559954
-88.79945771063853
-1.3621760438297983
50.959113234298854
136.11056900488973
57.19328698609323
-113.23395237961775
98.60795729022493
24.28552569406316
83.37732816290459
72.97206826914808
-46.19662629288846
-63.426232009876564
15.192715906092904
50.95107528085089
34.81945752901296
38.06389700521755
-41.29186530533022
144.7097611412295
-160.3816156454499
-116.57945295187412
-141.81488108429886
94.25883883010192
-51.8148726234682
115.121443539579
-53.11456688963259
62.094547930471336
-5.61107525581517
22.866092746048803
57.08796821492018
-12.17250695640795
-123.60709408785671
30.69121824415527
-76.55512465713461
14.981923700204828
53.30780268786375
43.08377388281114
-143.62203505516248
-124.30228332113573
-29.58899691711294
-47.058580018429346
-13.760265190031102
23.79033629090934
-35.50972605596672
-34.01960657407172
49.60384301444151
48.43456201933569
74.9069012992158
80.19575499270736
-146.47024336258977
-28.978337866908465
-45.67038059603213
-24.829469209514663
70.01192612043936
-131.74181771460238
82.12121698986135
96.37695320016577
1.1907804693864543
-7.65233892337679
122.03850712441142
-78.14226756922261
144.505466813433
-2.390479286567621
-23.44391575371913
27.777988012901936
-13.612660373618489
54.933205179684045
-82.50085602840169
50.75528671678837
-92.44958841452974
166.1135583922556
-115.24922083377
42.55778328412332
149.5084311823166
126.03744582496154
-25.057960387528354
-18.126357386029564
-27.52639998429716
14.788504584350253
27.677495532316154
-47.040160889947806
38.338921299659994
32.18880584212766
142.22087493662514
-55.579852363761596
-16.10442434915082
-77.98749882039493
-53.1926130023299
-79.99439361461754
-54.992564848750085
7.697582792594426
-100.40069768052636
100.34748853676551
-94.18330045442342
58.67478298456827
91.83351261600184
-15.489562023441238
-8.991558253473205
120.21082860660498
-11.361737921707842
-18.984120608519365
-42.625838918336186
44.08090200679039
-43.95657468284784
29.98796999316034
-21.716256354529083
28.540600403583092
56.02314678105318
25.92604875112858
-162.45372828407275
-35.4289131771499
-34.27255328921877
-17.502497559430765
235.09760170431082
-66.4830563562538
103.07622599247556
-59.98276096204894
47.62069214705724
54.61095873773103
-56.55695362980042
-29.781258497783146
67.40115828469386
8.118021876823512
-120.14956903488117
-16.43464342514755
116.48629380549677
-9.537473402667342
-2.4752484785533486
-202.2000522807932
18.107218548139258
22.550564923161645
17.854593022187228
-57.50342710886706
-128.29205109048357
57.99695651590936
168.19851023585431
-28.03708507204028
36.643604786909286
-57.84724050955737
-27.640985553295156
-8.56260065503222
-28.031293226886923
90.4719895725288
87.30216476217292
-65.96050504334532
119.53293084565895
-132.55105284904957
13.54983185839734
134.13809161470536
-114.60523734395133
-145.77913872116153
-15.229840012394025
38.534654414420565
27.592523264976784
46.498623407427026
-5.382939956732806
76.40798827258699
62.96532250366847
33.80225086631303
20.37325208862856
138.96746991372876
0.7980531842612133
-49.294586027667734
-115.42813365264135
115.73243052071143
90.9668827285748
-15.790189220236812
-11.57337911794042
-45.441030138212675
11.775933657306982
-62.801370733253684
-24.384353398938135
28.77365365833805
-75.37648866406302
123.09042497107643
-1.7031917982624805
-10.430628727594105
-156.92325597589934
-174.45407469846765
25.76910368729377
-150.27088652397106
105.39041808466439
-4.529662400338258
-91.11516788559344
-25.50807052375514
-142.13807331026965
-1.865410909811839
157.15792905627467
-9.919071537392742
34.69020809930655
-11.500530411123794
-61.2464398599377
42.980449401391745
68.30782947307243
41.08428136458867
-16.07168596754002
-116.31417553817502
96.5192566295143
-87.71758375822392
-20.74761286502671
-24.384589912236716
-65.17972423418104
59.779518176844384
-130.26310653955747
83.57377336103106
-72.42738507889023
-20.138899022892165
-43.85987779102194
24.791344083771047
173.3227964367656
-89.91780789605237
96.72627635705716
-110.06682365448691
-55.66742699764969
29.09792274533571
-18.273567827340827
3.9906559062206277
-159.0265371725407
29.15204320727601
65.02919348615215
-26.58001243604373
83.50314479748744
-30.089922280891432
-3.977957069456047
-35.99215385965319
108.48494657285066
-12.801639647265379
1.3563951210611642
-167.71761105656662
-51.624963706919786
57.083682098276164
-171.02808185505884
-51.96336841086378
-1.365087257782215
-49.653223257508905
-77.7659911620398
-144.45694169004864
65.19719997842927
-36.54125848048893
-131.09928538021484
-0.8411640897016692
-7.686753576287235
37.025567640553206
-74.5987810031819
-34.9901872336853
7.341951400566657
98.03271310215337
34.990690844754354
15.378876308332202
-39.26701940975859
-141.05711812674767
32.14703501633643
64.36502901773558
58.548155059070574
13.134694509810974
173.4572329490624
-158.29314321205854
138.06690919065662
-41.758493076554196
35.410337791629246
-10.785425570014183
39.00179891546428
-48.02744597037917
-26.050641687190446
-35.112311896343535
62.110589326557935
73.52639466140769
-12.626117029838031
38.720175853442775
67.5123731231087
-39.93765967396024
97.17646436324208
31.008438637323493
7.269792813964418
-124.42878193506742
-22.196887980854108
83.46511695919615
-35.37025404251352
63.12488222099683
-74.54757537636465
-61.44964518183145
56.47623352341915
55.25113384227902
160.60847068461575
-40.55159694244792
116.99001645638123
119.12641281005006
154.8070724351785
-31.536418692635277
6.1202926160177125
23.727029108931916
41.83571384808168
-8.70626936675291
-33.95281872423393
11.338894269084257
103.59091921286935
57.143539868993805
-67.21968647059687
-100.56878919405617
-129.20037386992985
51.537730875588984
-70.02580874452859
119.99205758459907
174.61318524609723
192.8926296495047
26.529713960696792
-62.4201742029152
-43.6212681808939
-50.623490172353826
61.89061352805461
144.47514725838536
101.24735867154206
54.38198486927436
82.61869818779061
43.78101492861083
-28.378005783983188
-92.04866815018767
55.18261378878668
-41.88803314297464
19.128777872738656
-85.01851963640254
-5.3697603222097685
131.6442548932501
-61.01025213451435
-122.29850592979075
-95.34387622038217
51.31284906999536
55.3903374327009
-8.592874442422232
-76.25286673252866
50.046236613521124
-12.790959650373363
123.54011467583477
32.57922878812453
106.18233028643886
-32.58484193831349
-61.28431207062527
83.69450091236475
38.567485586630205
-68.05476541035675
42.673152928677865
-133.951264401222
-31.52553981220996
-107.08780442677266
8.843809417333247
43.491917285218605
-39.388392000030386
140.5694057483112
-28.673687953748487
50.802080137914444
15.149922389731426
-81.44192138521221
-75.30598327528705
-101.87894554572595
-60.37787175437884
73.10485883245883
-9.891317993797905
62.50093550891267
42.37058182199671
52.3953204148315
-10.985431805325621
-35.02240631602815
75.95541543879243
37.633650693503576
-6.647997618255737
220.2236721822421
101.06812763938588
45.03450034345289
-6.297576662884722
-19.477789899173164
-78.61221507918148
-99.35479061064262
-8.274122126171552
12.718170924412075
42.78617111349415
-98.25665098885979
17.329219487450743
-96.47822310497492
-12.835801505618424
13.15581264247204
-0.16334025293539778
-1.076888501481922
-63.63641140706766
85.10400080980797
-5.149667273545375
-43.6190664348684
-7.280810495759424
22.248015096774694
-39.916538585419545
-16.388688620979224
15.900577300954332
14.692572478403669
11.060238471021464
-121.6484365433621
88.82784519938188
42.229222457985074
8.617037745089526
45.97164762922277
-10.99359533410334
-100.45814998778712
-56.5492215526317
-51.15991556419046
-64.71268989319925
19.75922150738669
-67.7154462685923
-50.36947055046498
57.619642651927784
-53.31454285304557
2.787773672404663
-9.766392288272161
-125.11983136677749
-15.71605587543839
-179.31130302456415
-25.821151800419845
218.7565467062544
-6.795695991549043
-144.06019244145494
-17.716569384051667
172.03589796719592
-46.086587303155575
-114.41300770603658
82.8429294426276
-127.01731706019861
22.7080075538586
-84.91449190538252
109.67895404222428
-61.85970949425077
41.99943717976839
-47.251684769312135
-38.74034754180406
29.39819850564591
123.86061505033034
-2.3879320399810897
-47.93783216853391
26.462514175789753
92.70110529794466
-176.54189387223767
33.40802509394615
-19.80530182691897
60.82609813033547
-20.020486451380094
131.53038704026625
14.836247377932327
54.38566400160569
-45.73132580214326
-61.07009439636982
33.392591787796086
63.38483728420874
37.809411631098996
-66.30257938104346
-95.93247866539282
-138.59391012634612
63.785913748332156
91.32700227745276
64.64641033525119
57.6780606857241
13.574426769482137
-88.11536183531601
102.3927889532843
-53.77878028304812
15.820811764388882
-5.469159663426788
-112.36694601486977
83.6207403176544
-57.96253943407421
-47.27558774528977
26.64645621239639
-19.090061919134012
-40.847499248899744
5.4907050825054515
-117.43021897559693
-12.304978698097166
-73.69285504911767
44.58661771548966
-75.0431735234289
-158.52765176149126
24.217287417484364
98.97934617516306
76.06213915135754
176.53291096726872
162.91543578598885
77.28590848522784
72.41542363285426
-52.54598351741007
-10.316223611253658
13.040701605897933
-2.513352355225811
51.969469750557245
107.88620953282852
97.02965667247628
-19.347931874272106
-68.12201793598727
-106.24750696914994
21.906748789769985
-32.692705328426904
8.265090527150699
-13.589021917177384
-95.91601589533737
-20.45660263634768
33.9434696697845
-116.8180667753907
6.316301051797984
13.134088515231095
-28.866200417124237
-43.71956469387154
89.63620434746899
30.3704293313635
-43.61233474527709
-65.61302503372629
185.18119731834778
83.42551465502548
-18.368126737654496
57.503535183897924
-59.3424590725011
74.97868762995114
-97.08227096458538
94.32141734932055
-37.543895456555354
-139.92273860340026
-5.490936700958742
5.238474524706588
-144.84187067631717
0.9810229746434271
-111.65635241676968
52.026734383611334
-12.766260806279615
34.362935736978805
63.75079325597806
39.835226002100605
-90.39820614930996
-101.81627371340002
63.74491286161573
-101.36004670297918
56.629543389405725
-80.20099927030475
-85.74567599218358
25.355903670794266
-97.16209395286386
-0.25279093438844624
-34.84008451178295
-71.2362011316599
-36.37266593226396
-25.176892156775462
91.53239902871265
76.1639729791467
-9.62429523663479
-0.8189511899760067
89.24662083165683
31.688955447120474
-72.7331277343138
-9.808052635334697
78.81257849081581
14.038203102966385
-18.66616898556943
-51.075946930806474
